*vertices 32
1 P3 0.0 0.0 ellipse
2 Pz 0.0 0.0 ellipse
3 O2 0.0 0.0 ellipse
4 O1 0.0 0.0 ellipse
5 FC5 0.0 0.0 ellipse
6 P4 0.0 0.0 ellipse
7 T8 0.0 0.0 ellipse
8 Fz 0.0 0.0 ellipse
9 AF4 0.0 0.0 ellipse
10 PO4 0.0 0.0 ellipse
11 AF3 0.0 0.0 ellipse
12 FC1 0.0 0.0 ellipse
13 FC2 0.0 0.0 ellipse
14 P7 0.0 0.0 ellipse
15 FC6 0.0 0.0 ellipse
16 T7 0.0 0.0 ellipse
17 P8 0.0 0.0 ellipse
18 PO3 0.0 0.0 ellipse
19 C3 0.0 0.0 ellipse
20 Fp1 0.0 0.0 ellipse
21 Oz 0.0 0.0 ellipse
22 Fp2 0.0 0.0 ellipse
23 F3 0.0 0.0 ellipse
24 F4 0.0 0.0 ellipse
25 F7 0.0 0.0 ellipse
26 F8 0.0 0.0 ellipse
27 Cz 0.0 0.0 ellipse
28 CP1 0.0 0.0 ellipse
29 CP2 0.0 0.0 ellipse
30 C4 0.0 0.0 ellipse
31 CP5 0.0 0.0 ellipse
32 CP6 0.0 0.0 ellipse
*arcs
1 2 0.847738676973
1 3 0.870508571048
1 4 0.443201776863
1 5 -1.01228260834
1 6 0.914293819765
1 7 0.960725061126
1 8 0.818961376982
1 9 0.807276947943
1 10 0.894931269314
1 11 -0.975673370248
1 12 -1.069026546
1 13 0.837447683639
1 14 0.423804611788
1 15 0.932284607875
1 16 -1.05434253462
1 17 0.944398281311
1 18 0.660117840649
1 19 -1.03092489871
1 20 -0.950434616926
1 21 0.80824132597
1 22 0.682846918298
1 23 -0.975967118964
1 24 0.7156483834
1 25 -1.03202289335
1 26 0.842296463018
1 27 0.759430293109
1 28 -0.658639412541
1 29 1.05573749363
1 30 0.925825402776
1 31 -0.743539482793
1 32 0.987161338406
2 1 -0.847738676973
2 3 0.797744939123
2 4 -0.898770915409
2 5 -0.959584637525
2 6 0.654415061568
2 7 0.9666079201
2 8 0.84740858393
2 9 0.64603299699
2 10 0.601599370056
2 11 -0.887326316041
2 12 -1.00682917669
2 13 0.986422314715
2 14 -1.07692354145
2 15 0.898031712879
2 16 -1.06924959141
2 17 0.882647825217
2 18 -0.673136178709
2 19 -1.08514413102
2 20 -0.789318042024
2 21 -0.770209270153
2 22 0.608868901051
2 23 -0.985796970912
2 24 0.725966433949
2 25 -0.931043417711
2 26 0.691187459853
2 27 0.757170347889
2 28 -0.751177782693
2 29 0.832784010097
2 30 0.924250171906
2 31 -1.0579985115
2 32 0.947710112753
3 1 -0.870508571048
3 2 -0.797744939123
3 4 -0.815138913874
3 5 -1.02417659493
3 6 -0.798233989843
3 7 -1.06418626555
3 8 -0.570753316265
3 9 -0.854299193139
3 10 -0.522880268854
3 11 -0.837860911928
3 12 -0.902820642629
3 13 -0.758646487816
3 14 -0.992712107911
3 15 -1.01169812173
3 16 -1.08005120956
3 17 -0.931324630084
3 18 -0.793309116224
3 19 -1.00335820196
3 20 -0.882467707631
3 21 -0.557728504159
3 22 -0.730598586087
3 23 -0.827033282107
3 24 -0.688194310076
3 25 -0.96246419408
3 26 -0.939580707992
3 27 -0.947482331505
3 28 -1.04594758029
3 29 -1.06045438608
3 30 -1.03527155327
3 31 -1.07334955871
3 32 -1.02053449545
4 1 -0.443201776863
4 2 0.898770915409
4 3 0.815138913874
4 5 -0.861812721941
4 6 0.997778802216
4 7 0.967560512205
4 8 0.921494997386
4 9 0.730869061247
4 10 0.880424360128
4 11 -0.676277541805
4 12 -0.667815624187
4 13 0.921459549153
4 14 -0.55237401309
4 15 0.826707160559
4 16 -0.824830095249
4 17 0.84108111551
4 18 -0.0665375220156
4 19 -0.86749015542
4 20 -0.669035264017
4 21 0.809466816165
4 22 0.830217832649
4 23 -0.720428752552
4 24 0.836240708061
4 25 -0.849908100023
4 26 0.775646937361
4 27 0.658957638224
4 28 -0.724612434289
4 29 1.05256954369
4 30 0.863936221234
4 31 -0.563818307926
4 32 0.980228302308
5 1 1.01228260834
5 2 0.959584637525
5 3 1.02417659493
5 4 0.861812721941
5 6 1.02810027875
5 7 0.969547758355
5 8 1.09014995864
5 9 0.95415001034
5 10 0.995905561513
5 11 -0.885558781726
5 12 0.867796271886
5 13 1.05140529231
5 14 0.834916282395
5 15 0.987165767015
5 16 0.269868958402
5 17 0.810977456517
5 18 1.0841681977
5 19 1.01225713901
5 20 -0.859846425357
5 21 1.05229809942
5 22 1.05796067738
5 23 -0.938111981991
5 24 1.05720711438
5 25 -0.708301611668
5 26 0.977666362619
5 27 0.764330089851
5 28 0.971304240433
5 29 0.899348075943
5 30 0.902185105974
5 31 0.980116309791
5 32 0.858305713267
6 1 -0.914293819765
6 2 -0.654415061568
6 3 0.798233989843
6 4 -0.997778802216
6 5 -1.02810027875
6 7 -0.984246872795
6 8 -0.640922923363
6 9 -0.980374564971
6 10 0.704969116943
6 11 -0.778967354663
6 12 -0.988202596153
6 13 -0.792913704188
6 14 -1.05913212342
6 15 -1.07209437002
6 16 -0.997128892254
6 17 0.510202706215
6 18 -0.979104826897
6 19 -0.983218745501
6 20 -0.826047407942
6 21 -0.762760005342
6 22 -0.637988788839
6 23 -0.76787079496
6 24 -0.722860878865
6 25 -0.860920434714
6 26 -0.942099458123
6 27 -1.03478269366
6 28 -0.985522480616
6 29 -0.906025702024
6 30 -1.05795281341
6 31 -1.06239154677
6 32 -0.834455176875
7 1 -0.960725061126
7 2 -0.9666079201
7 3 1.06418626555
7 4 -0.967560512205
7 5 -0.969547758355
7 6 0.984246872795
7 8 -0.725394447659
7 9 -0.955648371467
7 10 1.04515381954
7 11 -0.841610500928
7 12 -0.923687113566
7 13 -0.833077026481
7 14 -0.967777417603
7 15 -0.714092631827
7 16 -0.876775977411
7 17 0.75111482197
7 18 -0.942974603225
7 19 -0.588250118968
7 20 -0.948953459943
7 21 -0.918832490072
7 22 -0.893932165504
7 23 -0.707565504097
7 24 -0.872526636704
7 25 -0.905036607626
7 26 -0.9351222259
7 27 -0.897651069878
7 28 -0.913463760451
7 29 1.05430533227
7 30 -0.797835612744
7 31 -0.841887624131
7 32 0.778878519916
8 1 -0.818961376982
8 2 -0.84740858393
8 3 0.570753316265
8 4 -0.921494997386
8 5 -1.09014995864
8 6 0.640922923363
8 7 0.725394447659
8 9 -0.754337144686
8 10 0.578906129596
8 11 -0.856473186588
8 12 -0.82933760789
8 13 0.48815068519
8 14 -0.905949731556
8 15 0.976504540808
8 16 -1.08192237176
8 17 0.533215708097
8 18 -0.838719046875
8 19 -1.08741290863
8 20 -0.893341013238
8 21 -0.787274940317
8 22 -0.776912804665
8 23 -0.883036303154
8 24 0.479787801114
8 25 -1.06873471307
8 26 0.928186133681
8 27 0.555466546209
8 28 -0.946763813349
8 29 1.04488149622
8 30 0.942736378123
8 31 -0.954907733019
8 32 0.871192355226
9 1 -0.807276947943
9 2 -0.64603299699
9 3 0.854299193139
9 4 -0.730869061247
9 5 -0.95415001034
9 6 0.980374564971
9 7 0.955648371467
9 8 0.754337144686
9 19 -0.879995806225
9 10 0.874403762228
9 11 -0.826388719406
9 12 -0.77582625943
9 13 0.870234219057
9 14 -0.855602401981
9 15 0.813869897611
9 16 -0.922297739078
9 17 0.889202836918
9 18 -0.539474507356
9 20 -0.754650882307
9 21 -0.771713980824
9 22 -0.769794149683
9 23 -0.923630381652
9 24 0.661677363189
9 25 -0.97906409919
9 26 0.678159659192
9 27 0.702637223881
9 28 -0.705630673447
9 29 1.05651028945
9 30 0.833670529914
9 31 -0.68905228871
9 32 0.985853158733
10 1 -0.894931269314
10 2 -0.601599370056
10 3 0.522880268854
10 4 -0.880424360128
10 5 -0.995905561513
10 6 -0.704969116943
10 7 -1.04515381954
10 8 -0.578906129596
10 9 -0.874403762228
10 11 -0.724140689785
10 12 -0.934334749061
10 13 -0.782841609748
10 14 -1.0462546797
10 15 -1.0193281888
10 16 -1.04424157042
10 17 -0.893323903029
10 18 -0.798213719508
10 19 -1.00542781914
10 20 -0.811372077143
10 21 -0.552122278249
10 22 -0.633142388219
10 23 -0.813451501642
10 24 -0.714048444822
10 25 -0.913629997008
10 26 -0.875704321511
10 27 -1.00056647281
10 28 -1.00782556686
10 29 -0.995824832837
10 30 -1.06266028171
10 31 -1.07057299254
10 32 -0.917035938389
11 1 0.975673370248
11 2 0.887326316041
11 3 0.837860911928
11 4 0.676277541805
11 14 0.712014531412
11 6 0.778967354663
11 7 0.841610500928
11 8 0.856473186588
11 9 0.826388719406
11 10 0.724140689785
11 30 0.915449664958
11 12 0.709610398268
11 13 0.953146613777
11 5 0.885558781726
11 15 0.987174609509
11 16 0.287899067524
11 17 0.655183106186
11 18 0.961411902588
11 19 0.912789402563
11 20 -0.623947145649
11 21 0.836034703623
11 22 0.779500061332
11 23 0.621463665392
11 24 0.898043061425
11 25 0.764970974563
11 26 0.954053207036
11 27 0.75456403532
11 28 0.98188256001
11 29 0.971898517019
11 31 1.01128671182
11 32 0.82915607904
12 2 1.00682917669
12 3 0.902820642629
12 4 0.667815624187
12 5 -0.867796271886
12 6 0.988202596153
12 7 0.923687113566
12 8 0.82933760789
12 9 0.77582625943
12 10 0.934334749061
12 11 -0.709610398268
12 1 1.069026546
12 13 0.962291612802
12 14 0.801837951309
12 15 0.955498687295
12 16 0.287024111527
12 17 0.581285813918
12 18 1.0308128998
12 19 0.979821986956
12 20 -0.829296382829
12 21 0.894329776364
12 22 1.02835262989
12 23 -0.728229277283
12 24 0.992155043519
12 25 -0.899814652343
12 26 0.976648121264
12 27 0.372108435301
12 28 0.979717590241
12 29 1.0553135086
12 30 0.926619302115
12 31 1.00282210546
12 32 0.910517781603
13 1 -0.837447683639
13 2 -0.986422314715
13 3 0.758646487816
13 4 -0.921459549153
13 5 -1.05140529231
13 6 0.792913704188
13 7 0.833077026481
13 8 -0.48815068519
13 9 -0.870234219057
13 10 0.782841609748
13 11 -0.953146613777
13 12 -0.962291612802
13 14 -0.794502773173
13 15 -1.01172508456
13 16 -1.03957351387
13 17 0.733176247657
13 18 -0.911735481816
13 19 -1.08595455179
13 20 -1.02205466188
13 21 -0.833600078127
13 22 -0.858977626955
13 23 -0.926595435922
13 24 -0.699038471783
13 25 -1.08666239477
13 26 -1.0209998362
13 27 0.570578539429
13 28 -0.997727126548
13 29 0.988488017359
13 30 0.92201374847
13 31 -0.957407989287
13 32 0.959577063446
14 1 -0.423804611788
14 2 1.07692354145
14 3 0.992712107911
14 4 0.55237401309
14 6 1.05913212342
14 7 0.967777417603
14 8 0.905949731556
14 9 0.855602401981
14 10 1.0462546797
14 11 -0.712014531412
14 12 -0.801837951309
14 13 0.794502773173
14 5 -0.834916282395
14 15 0.868680308055
14 16 -0.764091387696
14 17 0.948389741207
14 18 0.880288308932
14 19 -0.847014033922
14 20 -0.754843501169
14 21 0.965044425904
14 22 0.873998840604
14 23 -0.752838775633
14 24 0.853823749007
14 25 -0.866919342423
14 26 0.839567353502
14 27 0.637364015265
14 28 -0.788092468011
14 29 0.93274901069
14 30 0.805615471003
14 31 -0.502551550318
14 32 0.964794354794
15 1 -0.932284607875
15 2 -0.898031712879
15 3 1.01169812173
15 4 -0.826707160559
15 5 -0.987165767015
15 6 1.07209437002
15 8 -0.976504540808
15 9 -0.813869897611
15 10 1.0193281888
15 11 -0.987174609509
15 12 -0.955498687295
15 13 1.01172508456
15 14 -0.868680308055
15 7 0.714092631827
15 16 -0.834645835289
15 17 0.9418629675
15 18 -0.736853560322
15 19 -0.744132871074
15 20 -0.972399270466
15 21 -0.903905566324
15 22 -0.974127362428
15 23 -0.962987504317
15 24 -0.965466105126
15 25 -0.973580166085
15 26 -0.783763599189
15 27 0.756965484614
15 28 -0.815222859256
15 29 1.0452935542
15 30 0.636959699529
15 31 -0.637537051691
15 32 0.841059554878
16 1 1.05434253462
16 2 1.06924959141
16 3 1.08005120956
16 4 0.824830095249
16 5 -0.269868958402
16 6 0.997128892254
16 7 0.876775977411
16 8 1.08192237176
16 9 0.922297739078
16 10 1.04424157042
16 11 -0.287899067524
16 12 -0.287024111527
16 13 1.03957351387
16 14 0.764091387696
16 15 0.834645835289
16 17 0.881640356983
16 18 1.06714397258
16 19 -0.0495391572093
16 20 -0.303992674258
16 21 1.08627483455
16 22 1.05624700464
16 23 -0.231288997135
16 24 1.05311150353
16 25 0.00178844870852
16 26 0.956143324115
16 27 0.680056611809
16 28 0.988248236348
16 29 0.884594362426
16 30 0.657912417107
16 31 0.738145106992
16 32 0.829471708628
17 1 -0.944398281311
17 2 -0.882647825217
17 3 0.931324630084
17 4 -0.84108111551
17 5 -0.810977456517
17 6 -0.510202706215
17 7 -0.75111482197
17 8 -0.533215708097
17 9 -0.889202836918
17 11 -0.655183106186
17 12 -0.581285813918
17 13 -0.733176247657
17 14 -0.948389741207
17 15 -0.9418629675
17 16 -0.881640356983
17 10 0.893323903029
17 18 -0.92729416918
17 19 -0.713032318154
17 20 -0.793286875977
17 21 -0.671407763491
17 22 -0.828188804409
17 23 -0.67891767621
17 24 -0.757173732355
17 25 -0.875985915163
17 26 -0.956666497659
17 27 -0.861255963135
17 28 -0.942957363397
17 29 -0.868171974569
17 30 -0.923196207759
17 31 -0.926393129212
17 32 -0.457516181323
18 1 -0.660117840649
18 2 0.673136178709
18 3 0.793309116224
18 4 0.0665375220156
18 5 -1.0841681977
18 6 0.979104826897
18 7 0.942974603225
18 8 0.838719046875
18 9 0.539474507356
18 10 0.798213719508
18 11 -0.961411902588
18 12 -1.0308128998
18 13 0.911735481816
18 14 -0.880288308932
18 15 0.736853560322
18 16 -1.06714397258
18 17 0.92729416918
18 19 -1.01077841922
18 20 -0.93668196823
18 21 0.578336780407
18 22 0.661624357877
18 23 -1.03799045453
18 24 0.754661444029
18 25 -1.04579239774
18 26 0.632511931177
18 27 0.713897019239
18 28 -0.836244540969
18 29 1.05331753508
18 30 0.875289563004
18 31 -0.672838885124
18 32 0.985053763566
19 1 1.03092489871
19 2 1.08514413102
19 3 1.00335820196
19 4 0.86749015542
19 5 -1.01225713901
19 6 0.983218745501
19 7 0.588250118968
19 8 1.08741290863
19 9 0.879995806225
19 10 1.00542781914
19 11 -0.912789402563
19 12 -0.979821986956
19 13 1.08595455179
19 14 0.847014033922
19 15 0.744132871074
19 16 0.0495391572093
19 17 0.713032318154
19 18 1.01077841922
19 20 -1.00290537567
19 21 1.07883597209
19 22 1.0404210307
19 23 -0.844101903125
19 24 1.06490357968
19 25 -0.907676286116
19 26 0.801663189307
19 27 0.746731735972
19 28 0.709156201146
19 29 1.05324787598
19 30 0.730539564992
19 31 0.647205395963
19 32 0.774962201941
20 1 0.950434616926
20 2 0.789318042024
20 3 0.882467707631
20 4 0.669035264017
20 5 0.859846425357
20 6 0.826047407942
20 7 0.948953459943
20 8 0.893341013238
20 9 0.754650882307
20 10 0.811372077143
20 11 0.623947145649
20 12 0.829296382829
20 13 1.02205466188
20 14 0.754843501169
20 15 0.972399270466
20 16 0.303992674258
20 17 0.793286875977
20 18 0.93668196823
20 19 1.00290537567
20 21 0.895902142523
20 22 0.685622561723
20 23 0.783535069571
20 24 0.878747833839
20 25 0.717849338583
20 26 0.8793774575
20 27 0.76428295486
20 28 0.901217940979
20 29 0.906995869745
20 30 0.901083317663
20 31 1.00575011842
20 32 0.886220657253
21 1 -0.80824132597
21 2 0.770209270153
21 3 0.557728504159
21 4 -0.809466816165
21 5 -1.05229809942
21 6 0.762760005342
21 7 0.918832490072
21 8 0.787274940317
21 9 0.771713980824
21 10 0.552122278249
21 11 -0.836034703623
21 12 -0.894329776364
21 13 0.833600078127
21 14 -0.965044425904
21 15 0.903905566324
21 16 -1.08627483455
21 17 0.671407763491
21 18 -0.578336780407
21 19 -1.07883597209
21 20 -0.895902142523
21 22 0.631043473384
21 23 -0.924257619887
21 24 0.679288633274
21 25 -1.01141832175
21 26 0.793711160262
21 27 0.701133694288
21 28 -1.05372114496
21 29 1.04379744923
21 30 0.939092953113
21 31 -1.04071104048
21 32 0.921473352785
22 1 -0.682846918298
22 2 -0.608868901051
22 3 0.730598586087
22 4 -0.830217832649
22 5 -1.05796067738
22 6 0.637988788839
22 7 0.893932165504
22 8 0.776912804665
22 9 0.769794149683
22 10 0.633142388219
22 11 -0.779500061332
22 12 -1.02835262989
22 13 0.858977626955
22 14 -0.873998840604
22 15 0.974127362428
22 16 -1.05624700464
22 17 0.828188804409
22 18 -0.661624357877
22 19 -1.0404210307
22 20 -0.685622561723
22 21 -0.631043473384
22 23 -0.905269301362
22 24 0.649649377739
22 25 -0.971148887293
22 26 0.805694851572
22 27 0.760979341617
22 28 -0.677907007499
22 29 1.02139461389
22 30 0.931275308521
22 31 -0.904831626992
22 32 0.910010214296
23 1 0.975967118964
23 2 0.985796970912
23 3 0.827033282107
23 4 0.720428752552
23 5 0.938111981991
23 6 0.76787079496
23 7 0.707565504097
23 8 0.883036303154
23 9 0.923630381652
23 10 0.813451501642
23 11 -0.621463665392
23 12 0.728229277283
23 13 0.926595435922
23 14 0.752838775633
23 15 0.962987504317
23 16 0.231288997135
23 17 0.67891767621
23 18 1.03799045453
23 19 0.844101903125
23 20 -0.783535069571
23 21 0.924257619887
23 22 0.905269301362
23 24 0.945287992594
23 25 0.831867910567
23 26 0.9756382639
23 27 0.738565691894
23 28 0.986874049563
23 29 1.01854388996
23 30 0.881828683183
23 31 1.00619488035
23 32 0.794941568614
24 1 -0.7156483834
24 2 -0.725966433949
24 3 0.688194310076
24 4 -0.836240708061
24 5 -1.05720711438
24 6 0.722860878865
24 7 0.872526636704
24 8 -0.479787801114
24 9 -0.661677363189
24 10 0.714048444822
24 11 -0.898043061425
24 12 -0.992155043519
24 13 0.699038471783
24 14 -0.853823749007
24 15 0.965466105126
24 16 -1.05311150353
24 17 0.757173732355
24 18 -0.754661444029
24 19 -1.06490357968
24 20 -0.878747833839
24 21 -0.679288633274
24 22 -0.649649377739
24 23 -0.945287992594
24 25 -1.05518417391
24 26 0.809094457233
24 27 0.692460069132
24 28 -0.816372198851
24 29 1.05200127884
24 30 0.940611771142
24 31 -0.900507280234
24 32 0.926372728287
25 1 1.03202289335
25 2 0.931043417711
25 3 0.96246419408
25 4 0.849908100023
25 5 0.708301611668
25 6 0.860920434714
25 7 0.905036607626
25 8 1.06873471307
25 9 0.97906409919
25 10 0.913629997008
25 11 -0.764970974563
25 12 0.899814652343
25 13 1.08666239477
25 14 0.866919342423
25 15 0.973580166085
25 16 -0.00178844870852
25 17 0.875985915163
25 18 1.04579239774
25 19 0.907676286116
25 20 -0.717849338583
25 21 1.01141832175
25 22 0.971148887293
25 23 -0.831867910567
25 24 1.05518417391
25 26 0.971696562349
25 27 0.702329374423
25 28 0.980299714829
25 29 0.825246050796
25 30 0.770641356171
25 31 0.965920823094
25 32 0.791689281404
26 1 -0.842296463018
26 2 -0.691187459853
26 3 0.939580707992
26 4 -0.775646937361
26 5 -0.977666362619
26 6 0.942099458123
26 7 0.9351222259
26 8 -0.928186133681
26 9 -0.678159659192
26 10 0.875704321511
26 11 -0.954053207036
26 12 -0.976648121264
26 13 1.0209998362
26 14 -0.839567353502
26 15 0.783763599189
26 16 -0.956143324115
26 17 0.956666497659
26 18 -0.632511931177
26 19 -0.801663189307
26 20 -0.8793774575
26 21 -0.793711160262
26 22 -0.805694851572
26 23 -0.9756382639
26 24 -0.809094457233
26 25 -0.971696562349
26 27 0.752409965212
26 28 -0.595856958692
26 29 1.03537269349
26 30 0.92869742334
26 31 -0.756753273229
26 32 0.974095237956
27 1 -0.759430293109
27 2 -0.757170347889
27 3 0.947482331505
27 4 -0.658957638224
27 5 -0.764330089851
27 6 1.03478269366
27 7 0.897651069878
27 8 -0.555466546209
27 9 -0.702637223881
27 10 1.00056647281
27 11 -0.75456403532
27 12 -0.372108435301
27 13 -0.570578539429
27 14 -0.637364015265
27 15 -0.756965484614
27 16 -0.680056611809
27 17 0.861255963135
27 18 -0.713897019239
27 19 -0.746731735972
27 20 -0.76428295486
27 21 -0.701133694288
27 22 -0.760979341617
27 23 -0.738565691894
27 24 -0.692460069132
27 25 -0.702329374423
27 26 -0.752409965212
27 28 -0.730717379412
27 29 0.851047044786
27 30 0.888537572643
27 31 -0.712757228852
27 32 0.984677303215
28 1 0.658639412541
28 2 0.751177782693
28 3 1.04594758029
28 4 0.724612434289
28 5 -0.971304240433
28 6 0.985522480616
28 7 0.913463760451
28 8 0.946763813349
28 9 0.705630673447
28 10 1.00782556686
28 11 -0.98188256001
28 12 -0.979717590241
28 13 0.997727126548
28 14 0.788092468011
28 15 0.815222859256
28 16 -0.988248236348
28 17 0.942957363397
28 18 0.836244540969
28 19 -0.709156201146
28 20 -0.901217940979
28 21 1.05372114496
28 22 0.677907007499
28 23 -0.986874049563
28 24 0.816372198851
28 25 -0.980299714829
28 26 0.595856958692
28 27 0.730717379412
28 29 0.95537583246
28 30 0.926799239156
28 31 -0.750711732795
28 32 0.977954158014
29 1 -1.05573749363
29 2 -0.832784010097
29 3 1.06045438608
29 4 -1.05256954369
29 5 -0.899348075943
29 6 0.906025702024
29 7 -1.05430533227
29 8 -1.04488149622
29 9 -1.05651028945
29 10 0.995824832837
29 11 -0.971898517019
29 12 -1.0553135086
29 13 -0.988488017359
29 14 -0.93274901069
29 15 -1.0452935542
29 16 -0.884594362426
29 17 0.868171974569
29 18 -1.05331753508
29 19 -1.05324787598
29 20 -0.906995869745
29 21 -1.04379744923
29 22 -1.02139461389
29 23 -1.01854388996
29 24 -1.05200127884
29 25 -0.825246050796
29 26 -1.03537269349
29 27 -0.851047044786
29 28 -0.95537583246
29 30 -0.848937812244
29 31 -0.993563788512
29 32 -1.00972861987
30 1 -0.925825402776
30 2 -0.924250171906
30 3 1.03527155327
30 4 -0.863936221234
30 5 -0.902185105974
30 6 1.05795281341
30 7 0.797835612744
30 8 -0.942736378123
30 9 -0.833670529914
30 10 1.06266028171
30 11 -0.915449664958
30 12 -0.926619302115
30 13 -0.92201374847
30 14 -0.805615471003
30 15 -0.636959699529
30 16 -0.657912417107
30 17 0.923196207759
30 18 -0.875289563004
30 19 -0.730539564992
30 20 -0.901083317663
30 21 -0.939092953113
30 22 -0.931275308521
30 23 -0.881828683183
30 24 -0.940611771142
30 25 -0.770641356171
30 26 -0.92869742334
30 27 -0.888537572643
30 28 -0.926799239156
30 29 0.848937812244
30 31 -0.619264602458
30 32 0.749476647153
31 1 0.743539482793
31 2 1.0579985115
31 3 1.07334955871
31 4 0.563818307926
31 5 -0.980116309791
31 6 1.06239154677
31 7 0.841887624131
31 8 0.954907733019
31 9 0.68905228871
31 10 1.07057299254
31 11 -1.01128671182
31 12 -1.00282210546
31 13 0.957407989287
31 14 0.502551550318
31 15 0.637537051691
31 16 -0.738145106992
31 17 0.926393129212
31 18 0.672838885124
31 19 -0.647205395963
31 20 -1.00575011842
31 21 1.04071104048
31 22 0.904831626992
31 23 -1.00619488035
31 24 0.900507280234
31 25 -0.965920823094
31 26 0.756753273229
31 27 0.712757228852
31 28 0.750711732795
31 29 0.993563788512
31 30 0.619264602458
31 32 0.840412839569
32 1 -0.987161338406
32 2 -0.947710112753
32 3 1.02053449545
32 4 -0.980228302308
32 5 -0.858305713267
32 6 0.834455176875
32 7 -0.778878519916
32 8 -0.871192355226
32 9 -0.985853158733
32 10 0.917035938389
32 11 -0.82915607904
32 12 -0.910517781603
32 13 -0.959577063446
32 14 -0.964794354794
32 15 -0.841059554878
32 16 -0.829471708628
32 17 0.457516181323
32 18 -0.985053763566
32 19 -0.774962201941
32 20 -0.886220657253
32 21 -0.921473352785
32 22 -0.910010214296
32 23 -0.794941568614
32 24 -0.926372728287
32 25 -0.791689281404
32 26 -0.974095237956
32 27 -0.984677303215
32 28 -0.977954158014
32 29 1.00972861987
32 30 -0.749476647153
32 31 -0.840412839569
